HR   1         0   (500)
HR   2       500   (650)
HR   3      1150   (800)
HR   4      1950   (950)
HR   5      2900   (1100)
HR   6      4000   (1250)
HR   7      5250   (1400)
HR   8      6650   (1550)
HR   9      8200   (1700)
HR  10      9900   (1850)
HR  11     11750   (2000)
HR  12     13750   (2150)
HR  13     15900   (2300)
HR  14     18200   (2450)
HR  15     20650   (2600)
HR  16     23250   (2750)
HR  17     26000   (2900)
HR  18     28900   (3050)
HR  19     31950   (3200)
HR  20     35150   (3350)
HR  21     38500   (3500)
HR  22     42000   (3650)
HR  23     45650   (3800)
HR  24     49450   (3950)
HR  25     53400   (4100)
HR  26     57500   (4250)
HR  27     61750   (4400)
HR  28     66150   (4550)
HR  29     70700   (4700)
HR  30     75400   (4850)
HR  31     80250   (5000)
HR  32     85250   (5150)
HR  33     90400   (5300)
HR  34     95700   (5450)
HR  35    101150   (5600)
HR  36    106750   (5750)
HR  37    112500   (5900)
HR  38    118400   (6050)
HR  39    124450   (6200)
HR  40    130650   (6350)
HR  41    137000   (6500)
HR  42    143500   (6650)
HR  43    150150   (6800)
HR  44    156950   (6950)
HR  45    163900   (7100)
HR  46    171000   (7250)
HR  47    178250   (7400)
HR  48    185650   (7550)
HR  49    193200   (7700)
HR  50    200900   (7850)
HR  51    208750   (7850)
HR  52    216600   (7850)
HR  53    224450   (7850)
HR  54    232300   (7850)
HR  55    240150   (7850)
HR  56    248000   (7850)
HR  57    255850   (7850)
HR  58    263700   (7850)
HR  59    271550   (7850)
HR  60    279400   (7850)
HR  61    287250   (7850)
HR  62    295100   (7850)
HR  63    302950   (7850)
HR  64    310800   (7850)
HR  65    318650   (7850)
HR  66    326500   (7850)
HR  67    334350   (7850)
HR  68    342200   (7850)
HR  69    350050   (7850)
HR  70    357900   (7850)
HR  71    365750   (7850)
HR  72    373600   (7850)
HR  73    381450   (7850)
HR  74    389300   (7850)
HR  75    397150   (7850)
HR  76    405000   (7850)
HR  77    412850   (7850)
HR  78    420700   (7850)
HR  79    428550   (7850)
HR  80    436400   (7850)
HR  81    444250   (7850)
HR  82    452100   (7850)
HR  83    459950   (7850)
HR  84    467800   (7850)
HR  85    475650   (7850)
HR  86    483500   (7850)
HR  87    491350   (7850)
HR  88    499200   (7850)
HR  89    507050   (7850)
HR  90    514900   (7850)
HR  91    522750   (7850)
HR  92    530600   (7850)
HR  93    538450   (7850)
HR  94    546300   (7850)
HR  95    554150   (7850)
HR  96    562000   (7850)
HR  97    569850   (7850)
HR  98    577700   (7850)
HR  99    585550   (7850)
HR 100    593400   (8000)
HR 101    601400   (8000)
HR 102    609400   (8000)
HR 103    617400   (8000)
HR 104    625400   (8000)
HR 105    633400   (8000)
HR 106    641400   (8000)
HR 107    649400   (8000)
HR 108    657400   (8000)
HR 109    665400   (8000)
HR 110    673400   (8000)
HR 111    681400   (8000)
HR 112    689400   (8000)
HR 113    697400   (8000)
HR 114    705400   (8000)
HR 115    713400   (8000)
HR 116    721400   (8000)
HR 117    729400   (8000)
HR 118    737400   (8000)
HR 119    745400   (8000)
HR 120    753400   (8000)
HR 121    761400   (8000)
HR 122    769400   (8000)
HR 123    777400   (8000)
HR 124    785400   (8000)
HR 125    793400   (8000)
HR 126    801400   (8000)
HR 127    809400   (8000)
HR 128    817400   (8000)
HR 129    825400   (8000)
HR 130    833400   (8000)
HR 131    841400   (8000)
HR 132    849400   (8000)
HR 133    857400   (8000)
HR 134    865400   (8000)
HR 135    873400   (8000)
HR 136    881400   (8000)
HR 137    889400   (8000)
HR 138    897400   (8000)
HR 139    905400   (8000)
HR 140    913400   (8000)
HR 141    921400   (8000)
HR 142    929400   (8000)
HR 143    937400   (8000)
HR 144    945400   (8000)
HR 145    953400   (8000)
HR 146    961400   (8000)
HR 147    969400   (8000)
HR 148    977400   (8000)
HR 149    985400   (8000)
HR 150    993400   (8150)
HR 151   1001550   (8150)
HR 152   1009700   (8150)
HR 153   1017850   (8150)
HR 154   1026000   (8150)
HR 155   1034150   (8150)
HR 156   1042300   (8150)
HR 157   1050450   (8150)
HR 158   1058600   (8150)
HR 159   1066750   (8150)
HR 160   1074900   (8150)
HR 161   1083050   (8150)
HR 162   1091200   (8150)
HR 163   1099350   (8150)
HR 164   1107500   (8150)
HR 165   1115650   (8150)
HR 166   1123800   (8150)
HR 167   1131950   (8150)
HR 168   1140100   (8150)
HR 169   1148250   (8150)
HR 170   1156400   (8150)
HR 171   1164550   (8150)
HR 172   1172700   (8150)
HR 173   1180850   (8150)
HR 174   1189000   (8150)
HR 175   1197150   (8150)
HR 176   1205300   (8150)
HR 177   1213450   (8150)
HR 178   1221600   (8150)
HR 179   1229750   (8150)
HR 180   1237900   (8150)
HR 181   1246050   (8150)
HR 182   1254200   (8150)
HR 183   1262350   (8150)
HR 184   1270500   (8150)
HR 185   1278650   (8150)
HR 186   1286800   (8150)
HR 187   1294950   (8150)
HR 188   1303100   (8150)
HR 189   1311250   (8150)
HR 190   1319400   (8150)
HR 191   1327550   (8150)
HR 192   1335700   (8150)
HR 193   1343850   (8150)
HR 194   1352000   (8150)
HR 195   1360150   (8150)
HR 196   1368300   (8150)
HR 197   1376450   (8150)
HR 198   1384600   (8150)
HR 199   1392750   (8150)
HR 200   1400900   (8300)
HR 201   1409200   (8300)
HR 202   1417500   (8300)
HR 203   1425800   (8300)
HR 204   1434100   (8300)
HR 205   1442400   (8300)
HR 206   1450700   (8300)
HR 207   1459000   (8300)
HR 208   1467300   (8300)
HR 209   1475600   (8300)
HR 210   1483900   (8300)
HR 211   1492200   (8300)
HR 212   1500500   (8300)
HR 213   1508800   (8300)
HR 214   1517100   (8300)
HR 215   1525400   (8300)
HR 216   1533700   (8300)
HR 217   1542000   (8300)
HR 218   1550300   (8300)
HR 219   1558600   (8300)
HR 220   1566900   (8300)
HR 221   1575200   (8300)
HR 222   1583500   (8300)
HR 223   1591800   (8300)
HR 224   1600100   (8300)
HR 225   1608400   (8300)
HR 226   1616700   (8300)
HR 227   1625000   (8300)
HR 228   1633300   (8300)
HR 229   1641600   (8300)
HR 230   1649900   (8300)
HR 231   1658200   (8300)
HR 232   1666500   (8300)
HR 233   1674800   (8300)
HR 234   1683100   (8300)
HR 235   1691400   (8300)
HR 236   1699700   (8300)
HR 237   1708000   (8300)
HR 238   1716300   (8300)
HR 239   1724600   (8300)
HR 240   1732900   (8300)
HR 241   1741200   (8300)
HR 242   1749500   (8300)
HR 243   1757800   (8300)
HR 244   1766100   (8300)
HR 245   1774400   (8300)
HR 246   1782700   (8300)
HR 247   1791000   (8300)
HR 248   1799300   (8300)
HR 249   1807600   (8300)
HR 250   1815900   (8450)
HR 251   1824350   (8450)
HR 252   1832800   (8450)
HR 253   1841250   (8450)
HR 254   1849700   (8450)
HR 255   1858150   (8450)
HR 256   1866600   (8450)
HR 257   1875050   (8450)
HR 258   1883500   (8450)
HR 259   1891950   (8450)
HR 260   1900400   (8450)
HR 261   1908850   (8450)
HR 262   1917300   (8450)
HR 263   1925750   (8450)
HR 264   1934200   (8450)
HR 265   1942650   (8450)
HR 266   1951100   (8450)
HR 267   1959550   (8450)
HR 268   1968000   (8450)
HR 269   1976450   (8450)
HR 270   1984900   (8450)
HR 271   1993350   (8450)
HR 272   2001800   (8450)
HR 273   2010250   (8450)
HR 274   2018700   (8450)
HR 275   2027150   (8450)
HR 276   2035600   (8450)
HR 277   2044050   (8450)
HR 278   2052500   (8450)
HR 279   2060950   (8450)
HR 280   2069400   (8450)
HR 281   2077850   (8450)
HR 282   2086300   (8450)
HR 283   2094750   (8450)
HR 284   2103200   (8450)
HR 285   2111650   (8450)
HR 286   2120100   (8450)
HR 287   2128550   (8450)
HR 288   2137000   (8450)
HR 289   2145450   (8450)
HR 290   2153900   (8450)
HR 291   2162350   (8450)
HR 292   2170800   (8450)
HR 293   2179250   (8450)
HR 294   2187700   (8450)
HR 295   2196150   (8450)
HR 296   2204600   (8450)
HR 297   2213050   (8450)
HR 298   2221500   (8450)
HR 299   2229950   (8450)
HR 300   2238400   (8600)
HR 301   2247000   (8600)
HR 302   2255600   (8600)
HR 303   2264200   (8600)
HR 304   2272800   (8600)
HR 305   2281400   (8600)
HR 306   2290000   (8600)
HR 307   2298600   (8600)
HR 308   2307200   (8600)
HR 309   2315800   (8600)
HR 310   2324400   (8600)
HR 311   2333000   (8600)
HR 312   2341600   (8600)
HR 313   2350200   (8600)
HR 314   2358800   (8600)
HR 315   2367400   (8600)
HR 316   2376000   (8600)
HR 317   2384600   (8600)
HR 318   2393200   (8600)
HR 319   2401800   (8600)
HR 320   2410400   (8600)
HR 321   2419000   (8600)
HR 322   2427600   (8600)
HR 323   2436200   (8600)
HR 324   2444800   (8600)
HR 325   2453400   (8600)
HR 326   2462000   (8600)
HR 327   2470600   (8600)
HR 328   2479200   (8600)
HR 329   2487800   (8600)
HR 330   2496400   (8600)
HR 331   2505000   (8600)
HR 332   2513600   (8600)
HR 333   2522200   (8600)
HR 334   2530800   (8600)
HR 335   2539400   (8600)
HR 336   2548000   (8600)
HR 337   2556600   (8600)
HR 338   2565200   (8600)
HR 339   2573800   (8600)
HR 340   2582400   (8600)
HR 341   2591000   (8600)
HR 342   2599600   (8600)
HR 343   2608200   (8600)
HR 344   2616800   (8600)
HR 345   2625400   (8600)
HR 346   2634000   (8600)
HR 347   2642600   (8600)
HR 348   2651200   (8600)
HR 349   2659800   (8600)
HR 350   2668400   (8750)
HR 351   2677150   (8750)
HR 352   2685900   (8750)
HR 353   2694650   (8750)
HR 354   2703400   (8750)
HR 355   2712150   (8750)
HR 356   2720900   (8750)
HR 357   2729650   (8750)
HR 358   2738400   (8750)
HR 359   2747150   (8750)
HR 360   2755900   (8750)
HR 361   2764650   (8750)
HR 362   2773400   (8750)
HR 363   2782150   (8750)
HR 364   2790900   (8750)
HR 365   2799650   (8750)
HR 366   2808400   (8750)
HR 367   2817150   (8750)
HR 368   2825900   (8750)
HR 369   2834650   (8750)
HR 370   2843400   (8750)
HR 371   2852150   (8750)
HR 372   2860900   (8750)
HR 373   2869650   (8750)
HR 374   2878400   (8750)
HR 375   2887150   (8750)
HR 376   2895900   (8750)
HR 377   2904650   (8750)
HR 378   2913400   (8750)
HR 379   2922150   (8750)
HR 380   2930900   (8750)
HR 381   2939650   (8750)
HR 382   2948400   (8750)
HR 383   2957150   (8750)
HR 384   2965900   (8750)
HR 385   2974650   (8750)
HR 386   2983400   (8750)
HR 387   2992150   (8750)
HR 388   3000900   (8750)
HR 389   3009650   (8750)
HR 390   3018400   (8750)
HR 391   3027150   (8750)
HR 392   3035900   (8750)
HR 393   3044650   (8750)
HR 394   3053400   (8750)
HR 395   3062150   (8750)
HR 396   3070900   (8750)
HR 397   3079650   (8750)
HR 398   3088400   (8750)
HR 399   3097150   (8750)
HR 400   3105900   (8900)
HR 401   3114800   (8900)
HR 402   3123700   (8900)
HR 403   3132600   (8900)
HR 404   3141500   (8900)
HR 405   3150400   (8900)
HR 406   3159300   (8900)
HR 407   3168200   (8900)
HR 408   3177100   (8900)
HR 409   3186000   (8900)
HR 410   3194900   (8900)
HR 411   3203800   (8900)
HR 412   3212700   (8900)
HR 413   3221600   (8900)
HR 414   3230500   (8900)
HR 415   3239400   (8900)
HR 416   3248300   (8900)
HR 417   3257200   (8900)
HR 418   3266100   (8900)
HR 419   3275000   (8900)
HR 420   3283900   (8900)
HR 421   3292800   (8900)
HR 422   3301700   (8900)
HR 423   3310600   (8900)
HR 424   3319500   (8900)
HR 425   3328400   (8900)
HR 426   3337300   (8900)
HR 427   3346200   (8900)
HR 428   3355100   (8900)
HR 429   3364000   (8900)
HR 430   3372900   (8900)
HR 431   3381800   (8900)
HR 432   3390700   (8900)
HR 433   3399600   (8900)
HR 434   3408500   (8900)
HR 435   3417400   (8900)
HR 436   3426300   (8900)
HR 437   3435200   (8900)
HR 438   3444100   (8900)
HR 439   3453000   (8900)
HR 440   3461900   (8900)
HR 441   3470800   (8900)
HR 442   3479700   (8900)
HR 443   3488600   (8900)
HR 444   3497500   (8900)
HR 445   3506400   (8900)
HR 446   3515300   (8900)
HR 447   3524200   (8900)
HR 448   3533100   (8900)
HR 449   3542000   (8900)
HR 450   3550900   (9050)
HR 451   3559950   (9050)
HR 452   3569000   (9050)
HR 453   3578050   (9050)
HR 454   3587100   (9050)
HR 455   3596150   (9050)
HR 456   3605200   (9050)
HR 457   3614250   (9050)
HR 458   3623300   (9050)
HR 459   3632350   (9050)
HR 460   3641400   (9050)
HR 461   3650450   (9050)
HR 462   3659500   (9050)
HR 463   3668550   (9050)
HR 464   3677600   (9050)
HR 465   3686650   (9050)
HR 466   3695700   (9050)
HR 467   3704750   (9050)
HR 468   3713800   (9050)
HR 469   3722850   (9050)
HR 470   3731900   (9050)
HR 471   3740950   (9050)
HR 472   3750000   (9050)
HR 473   3759050   (9050)
HR 474   3768100   (9050)
HR 475   3777150   (9050)
HR 476   3786200   (9050)
HR 477   3795250   (9050)
HR 478   3804300   (9050)
HR 479   3813350   (9050)
HR 480   3822400   (9050)
HR 481   3831450   (9050)
HR 482   3840500   (9050)
HR 483   3849550   (9050)
HR 484   3858600   (9050)
HR 485   3867650   (9050)
HR 486   3876700   (9050)
HR 487   3885750   (9050)
HR 488   3894800   (9050)
HR 489   3903850   (9050)
HR 490   3912900   (9050)
HR 491   3921950   (9050)
HR 492   3931000   (9050)
HR 493   3940050   (9050)
HR 494   3949100   (9050)
HR 495   3958150   (9050)
HR 496   3967200   (9050)
HR 497   3976250   (9050)
HR 498   3985300   (9050)
HR 499   3994350   (9050)
HR 500   4003400   (9200)
HR 501   4012600   (9200)
HR 502   4021800   (9200)
HR 503   4031000   (9200)
HR 504   4040200   (9200)
HR 505   4049400   (9200)
HR 506   4058600   (9200)
HR 507   4067800   (9200)
HR 508   4077000   (9200)
HR 509   4086200   (9200)
HR 510   4095400   (9200)
HR 511   4104600   (9200)
HR 512   4113800   (9200)
HR 513   4123000   (9200)
HR 514   4132200   (9200)
HR 515   4141400   (9200)
HR 516   4150600   (9200)
HR 517   4159800   (9200)
HR 518   4169000   (9200)
HR 519   4178200   (9200)
HR 520   4187400   (9200)
HR 521   4196600   (9200)
HR 522   4205800   (9200)
HR 523   4215000   (9200)
HR 524   4224200   (9200)
HR 525   4233400   (9200)
HR 526   4242600   (9200)
HR 527   4251800   (9200)
HR 528   4261000   (9200)
HR 529   4270200   (9200)
HR 530   4279400   (9200)
HR 531   4288600   (9200)
HR 532   4297800   (9200)
HR 533   4307000   (9200)
HR 534   4316200   (9200)
HR 535   4325400   (9200)
HR 536   4334600   (9200)
HR 537   4343800   (9200)
HR 538   4353000   (9200)
HR 539   4362200   (9200)
HR 540   4371400   (9200)
HR 541   4380600   (9200)
HR 542   4389800   (9200)
HR 543   4399000   (9200)
HR 544   4408200   (9200)
HR 545   4417400   (9200)
HR 546   4426600   (9200)
HR 547   4435800   (9200)
HR 548   4445000   (9200)
HR 549   4454200   (9200)
HR 550   4463400   (9350)
HR 551   4472750   (9350)
HR 552   4482100   (9350)
HR 553   4491450   (9350)
HR 554   4500800   (9350)
HR 555   4510150   (9350)
HR 556   4519500   (9350)
HR 557   4528850   (9350)
HR 558   4538200   (9350)
HR 559   4547550   (9350)
HR 560   4556900   (9350)
HR 561   4566250   (9350)
HR 562   4575600   (9350)
HR 563   4584950   (9350)
HR 564   4594300   (9350)
HR 565   4603650   (9350)
HR 566   4613000   (9350)
HR 567   4622350   (9350)
HR 568   4631700   (9350)
HR 569   4641050   (9350)
HR 570   4650400   (9350)
HR 571   4659750   (9350)
HR 572   4669100   (9350)
HR 573   4678450   (9350)
HR 574   4687800   (9350)
HR 575   4697150   (9350)
HR 576   4706500   (9350)
HR 577   4715850   (9350)
HR 578   4725200   (9350)
HR 579   4734550   (9350)
HR 580   4743900   (9350)
HR 581   4753250   (9350)
HR 582   4762600   (9350)
HR 583   4771950   (9350)
HR 584   4781300   (9350)
HR 585   4790650   (9350)
HR 586   4800000   (9350)
HR 587   4809350   (9350)
HR 588   4818700   (9350)
HR 589   4828050   (9350)
HR 590   4837400   (9350)
HR 591   4846750   (9350)
HR 592   4856100   (9350)
HR 593   4865450   (9350)
HR 594   4874800   (9350)
HR 595   4884150   (9350)
HR 596   4893500   (9350)
HR 597   4902850   (9350)
HR 598   4912200   (9350)
HR 599   4921550   (9350)
HR 600   4930900   (9500)
HR 601   4940400   (9500)
HR 602   4949900   (9500)
HR 603   4959400   (9500)
HR 604   4968900   (9500)
HR 605   4978400   (9500)
HR 606   4987900   (9500)
HR 607   4997400   (9500)
HR 608   5006900   (9500)
HR 609   5016400   (9500)
HR 610   5025900   (9500)
HR 611   5035400   (9500)
HR 612   5044900   (9500)
HR 613   5054400   (9500)
HR 614   5063900   (9500)
HR 615   5073400   (9500)
HR 616   5082900   (9500)
HR 617   5092400   (9500)
HR 618   5101900   (9500)
HR 619   5111400   (9500)
HR 620   5120900   (9500)
HR 621   5130400   (9500)
HR 622   5139900   (9500)
HR 623   5149400   (9500)
HR 624   5158900   (9500)
HR 625   5168400   (9500)
HR 626   5177900   (9500)
HR 627   5187400   (9500)
HR 628   5196900   (9500)
HR 629   5206400   (9500)
HR 630   5215900   (9500)
HR 631   5225400   (9500)
HR 632   5234900   (9500)
HR 633   5244400   (9500)
HR 634   5253900   (9500)
HR 635   5263400   (9500)
HR 636   5272900   (9500)
HR 637   5282400   (9500)
HR 638   5291900   (9500)
HR 639   5301400   (9500)
HR 640   5310900   (9500)
HR 641   5320400   (9500)
HR 642   5329900   (9500)
HR 643   5339400   (9500)
HR 644   5348900   (9500)
HR 645   5358400   (9500)
HR 646   5367900   (9500)
HR 647   5377400   (9500)
HR 648   5386900   (9500)
HR 649   5396400   (9500)
HR 650   5405900   (9650)
HR 651   5415550   (9650)
HR 652   5425200   (9650)
HR 653   5434850   (9650)
HR 654   5444500   (9650)
HR 655   5454150   (9650)
HR 656   5463800   (9650)
HR 657   5473450   (9650)
HR 658   5483100   (9650)
HR 659   5492750   (9650)
HR 660   5502400   (9650)
HR 661   5512050   (9650)
HR 662   5521700   (9650)
HR 663   5531350   (9650)
HR 664   5541000   (9650)
HR 665   5550650   (9650)
HR 666   5560300   (9650)
HR 667   5569950   (9650)
HR 668   5579600   (9650)
HR 669   5589250   (9650)
HR 670   5598900   (9650)
HR 671   5608550   (9650)
HR 672   5618200   (9650)
HR 673   5627850   (9650)
HR 674   5637500   (9650)
HR 675   5647150   (9650)
HR 676   5656800   (9650)
HR 677   5666450   (9650)
HR 678   5676100   (9650)
HR 679   5685750   (9650)
HR 680   5695400   (9650)
HR 681   5705050   (9650)
HR 682   5714700   (9650)
HR 683   5724350   (9650)
HR 684   5734000   (9650)
HR 685   5743650   (9650)
HR 686   5753300   (9650)
HR 687   5762950   (9650)
HR 688   5772600   (9650)
HR 689   5782250   (9650)
HR 690   5791900   (9650)
HR 691   5801550   (9650)
HR 692   5811200   (9650)
HR 693   5820850   (9650)
HR 694   5830500   (9650)
HR 695   5840150   (9650)
HR 696   5849800   (9650)
HR 697   5859450   (9650)
HR 698   5869100   (9650)
HR 699   5878750   (9650)
HR 700   5888400   (9800)
HR 701   5898200   (9800)
HR 702   5908000   (9800)
HR 703   5917800   (9800)
HR 704   5927600   (9800)
HR 705   5937400   (9800)
HR 706   5947200   (9800)
HR 707   5957000   (9800)
HR 708   5966800   (9800)
HR 709   5976600   (9800)
HR 710   5986400   (9800)
HR 711   5996200   (9800)
HR 712   6006000   (9800)
HR 713   6015800   (9800)
HR 714   6025600   (9800)
HR 715   6035400   (9800)
HR 716   6045200   (9800)
HR 717   6055000   (9800)
HR 718   6064800   (9800)
HR 719   6074600   (9800)
HR 720   6084400   (9800)
HR 721   6094200   (9800)
HR 722   6104000   (9800)
HR 723   6113800   (9800)
HR 724   6123600   (9800)
HR 725   6133400   (9800)
HR 726   6143200   (9800)
HR 727   6153000   (9800)
HR 728   6162800   (9800)
HR 729   6172600   (9800)
HR 730   6182400   (9800)
HR 731   6192200   (9800)
HR 732   6202000   (9800)
HR 733   6211800   (9800)
HR 734   6221600   (9800)
HR 735   6231400   (9800)
HR 736   6241200   (9800)
HR 737   6251000   (9800)
HR 738   6260800   (9800)
HR 739   6270600   (9800)
HR 740   6280400   (9800)
HR 741   6290200   (9800)
HR 742   6300000   (9800)
HR 743   6309800   (9800)
HR 744   6319600   (9800)
HR 745   6329400   (9800)
HR 746   6339200   (9800)
HR 747   6349000   (9800)
HR 748   6358800   (9800)
HR 749   6368600   (9800)
HR 750   6378400   (9950)
HR 751   6388350   (9950)
HR 752   6398300   (9950)
HR 753   6408250   (9950)
HR 754   6418200   (9950)
HR 755   6428150   (9950)
HR 756   6438100   (9950)
HR 757   6448050   (9950)
HR 758   6458000   (9950)
HR 759   6467950   (9950)
HR 760   6477900   (9950)
HR 761   6487850   (9950)
HR 762   6497800   (9950)
HR 763   6507750   (9950)
HR 764   6517700   (9950)
HR 765   6527650   (9950)
HR 766   6537600   (9950)
HR 767   6547550   (9950)
HR 768   6557500   (9950)
HR 769   6567450   (9950)
HR 770   6577400   (9950)
HR 771   6587350   (9950)
HR 772   6597300   (9950)
HR 773   6607250   (9950)
HR 774   6617200   (9950)
HR 775   6627150   (9950)
HR 776   6637100   (9950)
HR 777   6647050   (9950)
HR 778   6657000   (9950)
HR 779   6666950   (9950)
HR 780   6676900   (9950)
HR 781   6686850   (9950)
HR 782   6696800   (9950)
HR 783   6706750   (9950)
HR 784   6716700   (9950)
HR 785   6726650   (9950)
HR 786   6736600   (9950)
HR 787   6746550   (9950)
HR 788   6756500   (9950)
HR 789   6766450   (9950)
HR 790   6776400   (9950)
HR 791   6786350   (9950)
HR 792   6796300   (9950)
HR 793   6806250   (9950)
HR 794   6816200   (9950)
HR 795   6826150   (9950)
HR 796   6836100   (9950)
HR 797   6846050   (9950)
HR 798   6856000   (9950)
HR 799   6865950   (9950)
HR 800   6875900   (10100)
HR 801   6886000   (10100)
HR 802   6896100   (10100)
HR 803   6906200   (10100)
HR 804   6916300   (10100)
HR 805   6926400   (10100)
HR 806   6936500   (10100)
HR 807   6946600   (10100)
HR 808   6956700   (10100)
HR 809   6966800   (10100)
HR 810   6976900   (10100)
HR 811   6987000   (10100)
HR 812   6997100   (10100)
HR 813   7007200   (10100)
HR 814   7017300   (10100)
HR 815   7027400   (10100)
HR 816   7037500   (10100)
HR 817   7047600   (10100)
HR 818   7057700   (10100)
HR 819   7067800   (10100)
HR 820   7077900   (10100)
HR 821   7088000   (10100)
HR 822   7098100   (10100)
HR 823   7108200   (10100)
HR 824   7118300   (10100)
HR 825   7128400   (10100)
HR 826   7138500   (10100)
HR 827   7148600   (10100)
HR 828   7158700   (10100)
HR 829   7168800   (10100)
HR 830   7178900   (10100)
HR 831   7189000   (10100)
HR 832   7199100   (10100)
HR 833   7209200   (10100)
HR 834   7219300   (10100)
HR 835   7229400   (10100)
HR 836   7239500   (10100)
HR 837   7249600   (10100)
HR 838   7259700   (10100)
HR 839   7269800   (10100)
HR 840   7279900   (10100)
HR 841   7290000   (10100)
HR 842   7300100   (10100)
HR 843   7310200   (10100)
HR 844   7320300   (10100)
HR 845   7330400   (10100)
HR 846   7340500   (10100)
HR 847   7350600   (10100)
HR 848   7360700   (10100)
HR 849   7370800   (10100)
HR 850   7380900   (10350)
HR 851   7391250   (10350)
HR 852   7401600   (10350)
HR 853   7411950   (10350)
HR 854   7422300   (10350)
HR 855   7432650   (10350)
HR 856   7443000   (10350)
HR 857   7453350   (10350)
HR 858   7463700   (10350)
HR 859   7474050   (10350)
HR 860   7484400   (10350)
HR 861   7494750   (10350)
HR 862   7505100   (10350)
HR 863   7515450   (10350)
HR 864   7525800   (10350)
HR 865   7536150   (10350)
HR 866   7546500   (10350)
HR 867   7556850   (10350)
HR 868   7567200   (10350)
HR 869   7577550   (10350)
HR 870   7587900   (10350)
HR 871   7598250   (10350)
HR 872   7608600   (10350)
HR 873   7618950   (10350)
HR 874   7629300   (10350)
HR 875   7639650   (10350)
HR 876   7650000   (10350)
HR 877   7660350   (10350)
HR 878   7670700   (10350)
HR 879   7681050   (10350)
HR 880   7691400   (10350)
HR 881   7701750   (10350)
HR 882   7712100   (10350)
HR 883   7722450   (10350)
HR 884   7732800   (10350)
HR 885   7743150   (10350)
HR 886   7753500   (10350)
HR 887   7763850   (10350)
HR 888   7774200   (10350)
HR 889   7784550   (10350)
HR 890   7794900   (10350)
HR 891   7805250   (10350)
HR 892   7815600   (10350)
HR 893   7825950   (10350)
HR 894   7836300   (10350)
HR 895   7846650   (10350)
HR 896   7857000   (10350)
HR 897   7867350   (10350)
HR 898   7877700   (10350)
HR 899   7888050   (10350)
HR 900   7898400   (10500)
HR 901   7908900   (10500)
HR 902   7919400   (10500)
HR 903   7929900   (10500)
HR 904   7940400   (10500)
HR 905   7950900   (10500)
HR 906   7961400   (10500)
HR 907   7971900   (10500)
HR 908   7982400   (10500)
HR 909   7992900   (10500)
HR 910   8003400   (10500)
HR 911   8013900   (10500)
HR 912   8024400   (10500)
HR 913   8034900   (10500)
HR 914   8045400   (10500)
HR 915   8055900   (10500)
HR 916   8066400   (10500)
HR 917   8076900   (10500)
HR 918   8087400   (10500)
HR 919   8097900   (10500)
HR 920   8108400   (10500)
HR 921   8118900   (10500)
HR 922   8129400   (10500)
HR 923   8139900   (10500)
HR 924   8150400   (10500)
HR 925   8160900   (10500)
HR 926   8171400   (10500)
HR 927   8181900   (10500)
HR 928   8192400   (10500)
HR 929   8202900   (10500)
HR 930   8213400   (10500)
HR 931   8223900   (10500)
HR 932   8234400   (10500)
HR 933   8244900   (10500)
HR 934   8255400   (10500)
HR 935   8265900   (10500)
HR 936   8276400   (10500)
HR 937   8286900   (10500)
HR 938   8297400   (10500)
HR 939   8307900   (10500)
HR 940   8318400   (10500)
HR 941   8328900   (10500)
HR 942   8339400   (10500)
HR 943   8349900   (10500)
HR 944   8360400   (10500)
HR 945   8370900   (10500)
HR 946   8381400   (10500)
HR 947   8391900   (10500)
HR 948   8402400   (10500)
HR 949   8412900   (10500)
HR 950   8423400   (10650)
HR 951   8434050   (10650)
HR 952   8444700   (10650)
HR 953   8455350   (10650)
HR 954   8466000   (10650)
HR 955   8476650   (10650)
HR 956   8487300   (10650)
HR 957   8497950   (10650)
HR 958   8508600   (10650)
HR 959   8519250   (10650)
HR 960   8529900   (10650)
HR 961   8540550   (10650)
HR 962   8551200   (10650)
HR 963   8561850   (10650)
HR 964   8572500   (10650)
HR 965   8583150   (10650)
HR 966   8593800   (10650)
HR 967   8604450   (10650)
HR 968   8615100   (10650)
HR 969   8625750   (10650)
HR 970   8636400   (10650)
HR 971   8647050   (10650)
HR 972   8657700   (10650)
HR 973   8668350   (10650)
HR 974   8679000   (10650)
HR 975   8689650   (10650)
HR 976   8700300   (10650)
HR 977   8710950   (10650)
HR 978   8721600   (10650)
HR 979   8732250   (10650)
HR 980   8742900   (10650)
HR 981   8753550   (10650)
HR 982   8764200   (10650)
HR 983   8774850   (10650)
HR 984   8785500   (10650)
HR 985   8796150   (10650)
HR 986   8806800   (10650)
HR 987   8817450   (10650)
HR 988   8828100   (10650)
HR 989   8838750   (10650)
HR 990   8849400   (10650)
HR 991   8860050   (10650)
HR 992   8870700   (10650)
HR 993   8881350   (10650)
HR 994   8892000   (10650)
HR 995   8902650   (10650)
HR 996   8913300   (10650)
HR 997   8923950   (10650)
HR 998   8934600   (10650)
HR 999   8945250
